0.116401666667
0.213194216667
0.30913815
0.4026742
0.475825933333
0.562891466667
0.636037466667
0.767937783333
0.871459
0.98367025
1.07940836667
1.20070706667
1.31032056667
1.43525995
1.5514534
1.67609795
1.77008465
1.85209915
1.9724117
2.05117133333
2.13397171667
2.23764576667
2.35246828333
2.42300241667
2.5236803
2.6201432
2.68845453333
2.78332323333
2.87883621667
2.98407661667
3.07409401667
3.16352348333
3.27230705
3.39982383333
3.49104138333
3.6004892
3.74326886667
3.8123232
3.89060233333
3.97798493333
4.0212216
4.11181295
4.17560696667
4.2625246
4.369816
4.45083128333
4.50656073333
4.59661493333
4.64537626667
4.73696961667
4.82027926667
4.92086096667
5.00486958333
5.05191695
5.09655676667
5.16156943333
5.23880798333
5.31883698333
5.38958588333
5.46904141667
5.42907518333
5.38688933333
5.36754011667
5.3506685
5.34409026667
5.29638925
5.28898828333
5.1934831
5.14757846667
5.0956837
5.04809095
4.98262365
4.92429423333
4.89887568333
4.85710863333
4.79341196667
4.75517485
4.7541834
4.69125325
4.6668611
4.65623371667
4.62900128333
4.58316531667
4.56493193333
4.53077168333
4.53291931667
4.5060445
4.47949655
4.47354731667
4.45430403333
4.44532198333
4.42764413333
4.39536118333
4.33258985
4.31357706667
4.27294141667
4.23674005
4.22798045
4.21859626667
4.17639991667
4.19063395
4.14691363333
4.1511981
4.16499786667
4.15532351667
4.14877841667
4.16962403333
4.17578351667
4.22166456667
4.22070763333
4.24166401667
4.22200955
4.24554946667
4.30465886667
4.37890835
4.38983343333
4.38695436667
4.36298933333
4.3731972
4.4088086
4.44756903333
4.4815943
4.47142948333
4.50336211667
4.53705951667
4.59903576667
4.60196386667
4.65835321667
4.71946141667
4.7457604
4.77880635
4.81993756667
4.87593823333
4.86958586667
4.88924518333
4.895012
4.92791446667
4.95882946667
5.0009633
5.05434948333
5.0889448
5.10477188333
5.16654673333
5.22230988333
5.27377181667
5.27328098333
5.33244231667
5.32526351667
5.32645281667
5.33532951667
5.35742743333
5.39210718333
5.40808303333
5.44160665
5.46047671667
5.50480555
5.47056325
5.50317011667
5.47931075
5.51764278333
5.55349181667
5.6371376
5.65957971667
5.62517115
5.60842055
5.60228988333
5.58651758333
5.56124746667
5.54995155
5.54285658333
5.50709021667
5.50030115
5.45358893333
5.39101968333
5.36762846667
5.35823425
5.3543961
5.3656712
5.36563805
5.34159665
5.30268765
5.30557951667
5.3218683
5.28087885
5.23137171667
5.2005999
5.18306915
5.18024331667
5.12786466667
5.11613456667
5.111471
5.10548568333
5.04655701667
5.00961
4.98260761667
4.97704401667
4.93590883333
4.87839973333
4.88539483333
4.84463665
4.78417091667
4.76757533333
4.68803758333
4.6608516
4.6122081
4.55777425
4.52284345
4.55458768333
4.54660926667
4.54411526667
4.54638798333
4.53967156667
4.50033613333
4.49060153333
4.46786043333
4.44451525
4.45235841667
4.42319151667
4.44537548333
4.44731996667
4.43143458333
4.3462176
4.33041758333
4.33574661667
4.33276131667
4.3205051
4.33043151667
4.33341398333
4.32201485
4.3123118
4.33389121667
4.3722654
4.36045895
4.4037708
4.4175734
4.40785295
4.43508246667
4.45695125
4.48946461667
4.51042955
4.54680686667
4.55325861667
4.57574796667
4.6095926
4.63883066667
4.66590088333
4.71746568333
4.73344833333
4.7921776
4.80240253333
4.82422393333
4.80554785
4.82655908333
4.86586448333
4.89067823333
4.93547708333
5.00616828333
5.0618575
5.05642995
5.07939716667
5.13157541667
5.14296745
5.2112268
5.22245548333
5.28360626667
5.35083533333
5.37162673333
5.36669171667
5.37407948333
5.3777955
5.38318543333
5.35123955
5.39260763333
5.39569443333
5.42691485
5.41794451667
5.427629
5.45196428333
5.47461291667
5.46647911667
5.46944471667
5.50763185
5.53196863333
5.54996378333
5.54567098333
5.58922093333
5.59490915
5.60951638333
5.61580228333
5.62655556667
5.61848436667
5.60894908333
5.64930353333
5.62400206667
5.61404885
5.63281961667
5.64634206667
5.66481628333
5.64024346667
5.62361981667
5.5971123
5.5757242
5.55890145
5.54817323333
5.541134
5.49709523333
5.4695139
5.45096585
5.36190476667
5.3308721
5.29591061667
5.26966813333
5.27041861667
5.22910733333
5.18098296667
5.14197961667
5.11249525
5.1045608
5.0434066
5.01399146667
4.95126993333
4.92740345
4.90403996667
4.86670568333
4.82464613333
4.77753168333
4.73551098333
4.74693475
4.70943565
4.69578513333
4.65489768333
4.64903706667
4.61536455
4.58513963333
4.53885688333
4.52609983333
4.50352556667
4.45561661667
4.45971103333
4.45362641667
4.44677451667
4.4650189
4.45434125
4.42190826667
4.42940878333
4.41693093333
4.36779801667
4.3434716
4.34427988333
4.31604975
4.28881135
4.26865753333
4.27409485
4.2822289
4.22327118333
4.20963986667
4.15028825
4.14484193333
4.15327933333
4.12719958333
4.11376581667
4.10614261667
4.12002295
4.11886571667
4.11206776667
4.15605818333
4.18657841667
4.17226003333
4.23190551667
4.27202598333
4.30646915
4.34935465
4.39369276667
4.42615358333
4.47805603333
4.51797323333
4.57462565
4.58336546667
4.65475265
4.70947766667
4.76846686667
4.80081201667
4.78356685
4.81490365
4.81773995
4.85074638333
4.90039995
4.88112531667
4.9487613
4.95857148333
4.9901089
5.03461361667
5.05523545
5.07243833333
5.10108615
5.1440587
5.17540333333
5.20331875
5.20561545
5.2126627
5.24342668333
5.22938696667
5.25299875
5.27466111667
5.31203215
5.33359058333
5.40096101667
5.42736201667
5.41550736667
5.46627495
5.46642643333
5.48899866667
5.49799335
5.53918243333
5.57809768333
5.60602413333
5.64666676667
5.63528258333
5.6197073
5.6266928
5.65720743333
5.65630136667
5.61810235
5.56905458333
5.58532583333
5.54071908333
5.5260796
5.53169741667
5.51394178333
5.48739201667
5.50712186667
5.48073288333
5.48026173333
5.43823951667
5.41659938333
5.37645956667
5.29226058333
5.21642966667
5.14778433333
5.09759618333
5.0604686
5.0422337
5.0393086
5.05165296667
5.0357707
5.03139103333
5.01357378333
4.99307476667
4.94120656667
4.88637903333
4.86133226667
4.81315401667
4.80278403333
4.79133388333
4.78110386667
4.75398186667
4.72894541667
4.73243538333
4.70979843333
4.70105801667
4.6711559
4.63816195
4.5925688
4.60165283333
4.55565431667
4.52521355
4.5015038
4.48549141667
4.47724648333
4.44459925
4.4650333
4.44217673333
4.41984496667
4.39934231667
4.39481105
4.38769286667
4.3582092
4.33445803333
4.34411131667
4.31896183333
4.28219103333
4.29952388333
4.31842253333
4.35309606667
4.33457781667
4.40755076667
4.38895111667
4.41720973333
4.4529321
4.46714463333
4.43101
4.46754985
4.44660445
4.50532861667
4.5403098
4.52484175
4.54890726667
4.58371826667
4.61933178333
4.66037203333
4.70690315
4.73059715
4.77594616667
4.78179363333
4.79361453333
4.81326945
4.83075735
4.86502066667
4.89285608333
4.92935183333
4.93649248333
4.96956328333
5.01893783333
5.05872283333
5.10604331667
5.10290331667
5.13024523333
5.15887338333
5.13432638333
5.18284556667
5.21603385
5.29122996667
5.33085328333
5.32452441667
5.34381913333
5.38340968333
5.38274543333
5.4226968
5.45176205
5.46998738333
5.49303105
5.4746748
5.45162493333
5.43939935
5.44760881667
5.4482063
5.51424498333
5.52953185
5.507579
5.54586015
5.56941586667
5.5674955
5.58281593333
5.60450628333
5.63686745
5.59994443333
5.59273668333
5.56297995
5.55745198333
5.56286676667
5.56708058333
5.54451735
5.54546746667
5.51729311667
5.4859035
5.52529923333
5.53578255
5.53107778333
5.53467638333
5.48806351667
5.47753946667
5.45153641667
5.3760246
5.34265198333
5.31804906667
5.29717228333
5.26815583333
5.26786668333
5.2134184
5.21559675
5.210948
5.1731132
5.10875955
5.08166686667
5.02638303333
5.01967221667
4.97222453333
4.95275833333
4.98475966667
4.94169355
4.9049526
4.83233228333
4.82236115
4.83107505
4.80061451667
4.76961455
4.76077676667
4.70185133333
4.68513496667
4.68722711667
4.67845855
4.6828944
4.71791876667
4.7102988
4.70334463333
4.6918951
4.65702353333
4.64862386667
4.62817936667
4.61587648333
4.61949228333
4.60186541667
4.60375305
4.59318371667
4.56581836667
4.5464755
4.54020115
4.5373907
4.48656725
4.4906115
4.49463825
4.51220881667
4.4824539
4.48240796667
4.50702171667
4.48994223333
4.49868176667
4.5197844
4.53006446667
4.5459492
4.54802745
4.55028315
4.59649028333
4.62866328333
4.65642713333
4.63690801667
4.65095931667
4.64448906667
4.69444601667
4.70102678333
4.72828385
4.76550221667
4.80002126667
4.79716755
4.83162511667
4.8539978
4.89481675
4.89246666667
4.88593775
4.87604955
4.9203955
4.97624081667
5.0146417
5.00138563333
5.03788943333
5.05432461667
5.1088453
5.15906766667
5.24093148333
5.20809045
5.21816188333
5.21935033333
5.22941773333
5.25814956667
5.30103785
5.30518018333
5.29740816667
5.2982074
5.33903801667
5.35527321667
5.36048091667
5.42561861667
5.40902801667
5.41076878333
5.42612983333
5.39285755
5.42640541667
5.43244518333
5.4674507
5.47068188333
5.45040685
5.44917921667
5.47041451667
5.49575765
5.49234
5.47468358333
5.43055463333
5.43032761667
5.38820333333
5.40054896667
5.38022576667
5.37069895
5.33213595
5.30294971667
5.30059373333
5.30014218333
5.27270588333
5.26878303333
5.23915231667
5.24485766667
5.22715723333
5.19249321667
5.16184368333
5.13623281667
5.12668315
5.09168008333
5.0386637
5.0326536
5.0158068
5.00681525
4.9718263
4.93660785
4.8797269
4.86902201667
4.83427431667
4.7847357
4.75184591667
4.7159163
4.6473648
4.65070856667
4.6347722
4.63029086667
4.62761388333
4.60840015
4.53566356667
4.53948543333
4.55040135
4.5599438
4.53171933333
4.50826888333
4.46152833333
4.39293655
4.39900083333
4.3913318
4.3691561
4.38908211667
4.38338015
4.38831211667
4.37570706667
4.35650816667
4.36151213333
4.36133176667
4.34515048333
4.35607788333
4.3470126
4.37558026667
4.39758685
4.40064723333
4.40850745
4.39958826667
4.40919436667
4.45860493333
4.46894858333
4.48258776667
4.48002075
4.49923305
4.54294043333
4.54064166667
4.59486106667
4.59576996667
4.5927062
4.62106355
4.69079605
4.73708748333
4.73141046667
4.75911165
4.8170053
4.84435818333
4.88734511667
4.92640266667
4.96484313333
4.97199623333
4.99368055
5.04943486667
5.0934028
5.14820171667
5.1717099
5.19102921667
5.2162017
5.22644645
5.25878033333
5.27334063333
5.26703383333
5.26196921667
5.32695611667
5.33540586667
5.35788166667
5.38806678333
5.4259556
5.4360494
5.49960353333
